基金代码
000008
000006
000005
000001
000011
000015
000016
000021
000014
000020
000024
000025
000029
000032
000031
000033
000037
000039
000041
000045
000043
000047
000046
000048
000051
000054
000053
000055
000058
000061
000063
000069
000070
000071
000073
000076
000075
000074
000078
000082
000084
000083
000085
000086
000089
000090
000103
000105
000107
000109
000111
000116
000117
000118
000119
000123
000122
000121
000124
000127
000126
000129
000128
000130
000134
000131
000136
000137
000139
000141
000142
000147
000143
000148
000165
000171
000167
000172
000174
000173
000175
000176
000181
000184
000183
000182
000185
000186
000187
000189
000190
000191
000192
000194
000197
000200
000199
000201
000205
000206
000209
000212
000215
000216
000217
000218
000220
000221
000242
000244
000251
000248
000252
000254
000255
000263
000259
000265
000267
000271
000270
000290
000289
000286
000295
000294
000298
000297
000305
000306
000307
000308
000309
000313
000311
000312
000319
000329
000327
000326
000333
000336
000334
000338
000339
000342
000345
000346
000355
000354
000362
000363
000369
000368
000370
000372
000377
000386
000385
000390
000394
000395
000404
000403
000402
000406
000408
000409
000411
000415
000418
000431
000436
000452
000457
000462
000465
000471
000469
000477
000480
000478
000487
000488
000503
000497
000504
000513
000516
000521
000522
000529
000527
000534
000535
000538
000541
000536
000545
000547
000546
000550
000552
000561
000566
000574
000573
000577
000592
000594
000595
000593
000596
000601
000609
000612
000603
000606
000613
000614
000619
000628
000634
000654
000652
000655
000656
000663
000668
000673
000688
000690
000694
000689
000692
000696
000697
000698
000711
000715
000714
000717
000720
000727
000729
000728
000736
000739
000744
000742
000746
000751
000756
000762
000772
000753
000778
000780
000783
000784
000791
000792
000793
000799
000796
000800
000803
000801
000805
000810
000815
000817
000824
000823
000827
000828
000831
000833
000834
000854
000850
000849
000866
000870
000877
000875
000880
000893
000896
000898
000906
000911
000914
000913
000916
000925
000924
000930
000931
000934
000936
000939
000940
000942
000945
000943
000948
000960
000955
000950
000961
000962
000965
000968
000969
000970
000971
000973
000977
000978
000979
000985
000986
000989
000988
000990
000991
000996
000997
001001
001000
001003
001008
001009
001011
001016
001013
001018
001015
001019
001021
001027
001023
001028
001031
001036
001037
001039
001040
001042
001043
001044
001045
001048
001050
001052
001054
001053
001051
001061
001064
001065
001066
001069
001071
001070
001072
001074
001076
001075
001097
001102
001103
001104
001110
001105
001112
001113
001118
001117
001122
001123
001125
001126
001127
001128
001139
001140
001144
001143
001148
001150
001152
001156
001163
001165
001158
001166
001164
001167
001171
001170
001174
001173
001178
001180
001182
001181
001184
001188
001186
001197
001194
001195
001199
001192
001204
001208
001210
001214
001203
001216
001217
001220
001224
001222
001225
001227
001230
001236
001239
001235
001237
001231
001241
001249
001245
001244
001247
001257
001258
001256
001268
001272
001277
001278
001286
001287
001289
001300
001301
001299
001297
001298
001302
001304
001306
001309
001313
001314
001316
001319
001322
001323
001324
001344
001342
001345
001338
001349
001355
001356
001361
001369
001368
001373
001371
001375
001382
001404
001406
001405
001407
001409
001412
001415
001410
001417
001416
001421
001420
001423
001437
001433
001422
001441
001442
001438
001445
001468
001473
001469
001471
001475
001476
001480
001484
001481
001488
001487
001490
001500
001506
001511
001508
001510
001513
001512
001515
001521
001528
001532
001538
001541
001542
001546
001550
001549
001552
001551
001556
001553
001548
001557
001559
001558
001562
001564
001576
001578
001579
001580
001583
001594
001592
001595
001593
001603
001605
001606
001617
001619
001616
001618
001629
001631
001632
001630
001643
001637
001645
001644
001650
001651
001661
001668
001667
001672
001678
001679
001677
001691
001694
001702
001706
001704
001705
001710
001712
001711
001714
001716
001717
001718
001722
001725
001724
001726
001736
001740
001744
001742
001743
001749
001750
001752
001753
001756
001751
001759
001764
001761
001766
001763
001770
001775
001776
001783
001790
001802
001801
001806
001807
001810
001811
001816
001817
001819
001822
001832
001837
001838
001835
001856
001852
001857
001863
001862
001869
001874
001868
001875
001876
001877
001878
001879
001881
001885
001887
001889
001891
001898
001900
001906
001910
001911
001915
001917
001922
001918
001927
001938
001945
001946
001951
001955
001956
001960
001964
001959
001966
001961
001968
001970
001974
001975
001980
001984
001985
001986
001988
001990
001993
002001
002009
002010
002011
002015
002016
002018
002019
002021
002025
002031
002036
002051
002052
002065
002066
002064
002073
002083
002079
002084
002086
002091
002095
002096
002112
002109
002117
002116
002119
002118
002121
002128
002132
002133
002124
002137
002140
002138
002143
002148
002147
002146
002152
002160
002164
002166
002165
002168
002169
002170
002175
002178
002179
002181
002188
002190
002196
002199
002207
002206
002198
002210
002218
002229
002233
002236
002245
002246
002251
002258
002264
002265
002269
002270
002268
002274
002276
002277
002279
002286
002287
002296
002301
002315
002316
002317
002331
002332
002333
002336
002340
002338
002342
002344
002350
002351
002345
002362
002361
002363
002364
002377
002380
002379
002387
002385
002391
002392
002393
002400
002402
002404
002401
002405
002403
002406
002407
002408
002420
002423
002426
002427
002438
002442
002445
002446
002450
002451
002452
002459
002460
002474
002482
002486
002490
002487
002491
002501
002521
002520
002529
002524
002528
002534
002542
002548
002549
002552
002560
002562
002550
002569
002574
002578
002580
002592
002593
002597
002600
002603
002611
002610
002620
002621
002624
002632
002635
002636
002638
002637
002639
002650
002651
002652
002656
002657
002659
002661
002666
002669
002670
002685
002688
002692
002701
002698
002691
002697
002702
002704
002705
002708
002711
002716
002720
002734
002736
002738
002746
002750
002749
002754
002756
002765
002767
002769
002771
002775
002779
002781
002794
002795
002796
002797
002801
002803
002807
002817
002808
002826
002834
002825
002832
002833
002846
002851
002849
002861
002864
002865
002863
002869
002871
002868
002872
002877
002879
002878
002882
002881
002891
002892
002893
002898
002900
002901
002904
002907
002903
002910
002915
002906
002920
002925
002926
002927
002929
002932
002930
002933
002935
002939
002943
002959
002961
002962
002963
002964
002974
002969
002978
002985
002983
002980
002987
002984
002988
002989
002991
002996
002994
003002
002997
003009
003013
003015
003017
003016
003024
003026
003027
003032
003038
003037
003039
003040
003041
003044
003056
003071
003072
003078
003073
003092
003095
003081
003102
003103
003096
003107
003123
003121
003134
003133
003135
003156
003155
003159
003157
003163
003161
003167
003166
003175
003165
003179
003188
003187
003193
003192
003195
003199
003204
003209
003207
003213
003210
003214
003219
003220
003218
003221
003223
003231
003258
003254
003259
003265
003269
003266
003275
003277
003280
003285
003286
003287
003292
003291
003293
003295
003297
003298
003301
003299
003304
003305
003309
003313
003315
003314
003318
003322
003325
003327
003324
003337
003341
003357
003358
003359
003376
003377
003378
003379
003380
003382
003383
003384
003385
003386
003396
003395
003400
003401
003411
003403
003407
003412
003417
003418
003425
003428
003429
003442
003445
003448
003449
003450
003452
003454
003455
003461
003458
003486
003494
003500
003501
003504
003505
003516
003517
003520
003526
003528
003532
003545
003547
003566
003565
003567
003568
003571
003573
003574
003578
003579
003583
003593
003592
003591
003590
003598
003605
003612
003606
003613
003607
003618
003624
003625
003619
003628
003630
003631
003629
003634
003640
003638
003637
003648
003650
003662
003668
003656
003664
003671
003674
003673
003672
003681
003682
003693
003696
003708
003703
003715
003718
003721
003720
003728
003722
003733
003745
003741
003742
003746
003747
003765
003766
003767
003770
003776
003787
003795
003793
003809
003811
003819
003822
003824
003823
003832
003834
003835
003838
003825
003837
003839
003841
003846
003847
003853
003860
003859
003863
003867
003864
003869
003866
003876
003877
003880
003882
003888
003898
003922
003926
003929
003940
003957
003949
003952
003956
003958
003963
003972
003961
003973
003978
003985
003983
003979
003984
003986
003999
004002
004001
004011
004010
004020
004021
004024
004026
004030
004027
004031
004032
004038
004041
004043
004045
004042
004052
004059
004061
004066
004069
004075
004070
004083
004087
004100
004089
004101
004106
004118
004108
004124
004126
004122
004129
004123
004127
004138
004136
004139
004140
004148
004156
004155
004168
004191
004192
004190
004195
004194
004193
004200
004206
004224
004231
004230
004232
004228
004234
004235
004237
004241
004242
004243
004238
004236
004246
004247
004253
004258
004263
004279
004267
004278
004307
004317
004316
004320
004322
004340
004342
004343
004347
004348
004357
004356
004355
004366
004374
004388
004386
004390
004401
004400
004405
004419
004424
004423
004427
004428
004433
004432
004438
004450
004451
004452
004454
004459
004458
004463
004464
004476
004475
004477
004479
004497
004496
004499
004498
004503
004504
004512
004505
004513
004517
004544
004555
004556
004567
004569
004585
004598
004601
004602
004604
004605
004614
004616
004615
004629
004632
004630
004637
004640
004639
004641
004643
004655
004666
004667
004672
004673
004674
004675
004685
004698
004702
004705
004703
004706
004707
004716
004722
004723
004728
004744
004745
004746
004751
004750
004753
004752
004767
004780
004784
004789
004788
004797
004800
004807
004808
004812
004813
004815
004814
004821
004825
004826
004827
004831
004838
004839
004848
004854
004851
004855
004852
004853
004857
004856
004859
004868
004877
004881
004882
004887
004897
004898
004899
004902
004905
004910
004911
004907
004919
004920
004921
004923
004925
004941
004945
004952
004953
004954
004956
004958
004959
004960
004965
004978
004979
004986
004988
004993
004994
004997
004999
004998
005001
005004
005010
005014
005019
005028
005037
005038
005047
005052
005051
005055
005062
005063
005070
005072
005073
005077
005075
005078
005079
005094
005106
005099
005110
005113
005114
005121
005123
005125
005127
005136
005137
005143
005152
005157
005158
005159
005160
005161
005171
005172
005176
005177
005178
005197
005200
005206
005208
005213
005215
005222
005221
005223
005224
005228
005225
005234
005233
005236
005241
005243
005244
005262
005263
005267
005269
005268
005273
005275
005276
005284
005286
005277
005289
005300
005299
005301
005303
005307
005310
005309
005312
005311
005313
005314
005322
005315
005321
005327
005336
005340
005338
005345
005350
005354
005361
005366
005368
005364
005375
005377
005379
005390
005384
005388
005391
005395
005393
005398
005399
005402
005410
005419
005425
005421
005426
005427
005428
005431
005436
005432
005435
005439
005437
005442
005438
005443
005446
005449
005448
005451
005453
005454
005450
005455
005457
005461
005462
005465
005467
005470
005469
005474
005476
005481
005488
005485
005491
005497
005501
005504
005505
005507
005506
005513
005522
005524
005525
005529
005531
005530
005538
005543
005544
005550
005548
005549
005547
005551
005556
005561
005562
005573
005575
005576
005578
005577
005590
005583
005594
005598
005602
005601
005606
005609
005610
005611
005614
005612
005615
005617
005613
005622
005623
005625
005631
005637
005634
005635
005636
005641
005640
005644
005645
005647
005648
005655
005654
005658
005659
005661
005660
005667
005666
005669
005668
005675
005670
005680
005684
005690
005689
005682
005693
005695
005699
005700
005703
005705
005698
005712
005709
005711
005713
005710
005717
005719
005718
005720
005723
005726
005725
005729
005731
005730
005732
005733
005734
005738
005740
005741
005749
005742
005750
005745
005752
005746
005753
005760
005756
005763
005761
005754
005765
005766
005772
005764
005771
005774
005777
005780
005781
005778
005779
005783
005786
005787
005791
005790
005793
005794
005802
005801
005805
005810
005812
005817
005819
005821
005820
005818
005825
005828
005827
005831
005833
005834
005838
005843
005842
005841
005845
005844
005847
005849
005850
005851
005854
005853
005857
005862
005852
005864
005870
005872
005871
005875
005879
005882
005884
005885
005890
005889
005888
005892
005894
005895
005898
005897
005896
005904
005909
005908
005917
005914
005918
005911
005921
005920
005927
005919
005928
005931
005939
005936
005940
005951
005959
005962
005963
005964
005969
005968
005967
005971
005972
005975
005970
005974
005984
005985
005988
005992
005994
005996
005995
006002
006003
006004
006006
006005
006007
006021
006020
006023
006025
006027
006029
006030
006031
006034
006032
006035
006037
006038
006043
006045
006048
006053
006055
006059
006060
006061
006067
006066
006070
006073
006076
006075
006082
006088
006086
006092
006094
006096
006097
006098
006102
006105
006099
006107
006113
006111
006116
006120
006122
006124
006123
006131
006128
006132
006134
006135
006137
006142
006149
006151
006150
006154
006163
006152
006158
006168
006166
006165
006169
006171
006174
006172
006179
006178
006180
006183
006186
006185
006191
006188
006195
006196
006206
006207
006210
006208
006213
006211
006212
006218
006215
006222
006224
006228
006219
006229
006237
006242
006252
006250
006257
006249
006248
006253
006266
006265
006259
006264
006274
006282
006275
006284
006281
006285
006287
006289
006290
006292
006295
006294
006299
006298
006297
006304
006307
006308
006315
006314
006316
006321
006320
006319
006325
006328
006327
006329
006330
006331
006332
006333
006338
006337
006341
006353
006345
006360
006361
006364
006367
006370
006373
006371
006378
006381
006383
006392
006393
006405
006388
006389
006409
006404
006408
006412
006411
006416
006415
006421
006427
006431
006434
006435
006438
006436
006443
006445
006446
006447
006450
006453
006451
006464
006466
006468
006467
006470
006471
006473
006476
006479
006480
006475
006482
006483
006484
006485
006486
006489
006491
006488
006493
006495
006496
006502
006503
006504
006505
006508
006509
006513
006515
006516
006517
006532
006529
006533
006544
006543
006542
006545
006549
006551
006552
006553
006546
006555
006554
006558
006562
006567
006570
006565
006580
006576
006581
006582
006585
006586
006591
006592
006593
006595
006594
006596
006597
006599
006600
006598
006603
006609
006608
006604
006612
006614
006615
006617
006620
006626
006624
006627
006629
006630
006633
006634
006635
006636
006637
006640
006645
006648
006646
006649
006642
006653
006660
006662
006663
006667
006665
006664
006668
006669
006670
006672
006674
006677
006679
006680
006682
006683
006687
006681
006684
006707
006706
006714
006717
006715
006719
006725
006729
006730
006731
006733
006734
006736
006742
006747
006750
006751
006754
006758
006760
006764
006762
006763
006748
006767
006745
006757
006771
006772
006773
006769
006776
006780
006782
006791
006795
006798
006799
006797
006800
006793
006803
006805
006804
006806
006809
006810
006811
006812
006827
006824
006828
006829
006830
006835
006834
006838
006840
006839
006841
006848
006850
006849
006853
006852
006856
006859
006860
006861
006862
006865
006864
006868
006867
006869
006870
006871
006874
006880
006884
006885
006879
006887
006888
006889
006891
006896
006898
006899
006901
006902
006905
006907
006904
006913
006915
006921
006919
006925
006928
006927
006929
006936
006934
006941
006944
006946
006947
006948
006953
006939
006955
006958
006959
006962
006956
006963
006961
006966
006965
006969
006972
006970
006974
006978
006979
006980
006985
006986
006984
006991
006989
006990
006993
006995
006998
006997
007000
006999
007008
007010
007011
007017
007015
007016
007014
007020
007023
007021
007025
007026
007028
007029
007035
007037
007044
007045
007050
007053
007059
007060
007061
007064
007069
007068
007075
007078
007082
007083
007086
007091
007092
007089
007088
007094
007097
007100
007104
007105
007107
007109
007110
007113
007115
007114
007116
007117
007118
007119
007120
007124
007122
007126
007127
007128
007129
007130
007140
007139
007143
007146
007145
007147
007148
007149
007150
007165
007167
007168
007171
007169
007173
007175
007177
007179
007180
007184
007186
007188
007193
007194
007195
007196
007197
007199
007200
007201
007206
007204
007207
007208
007214
007215
007212
007218
007220
007224
007228
007227
007230
007235
007238
007241
007240
007245
007246
007250
007252
007259
007260
007256
007262
007263
007275
007279
007278
007280
007284
007286
007289
007291
007292
007295
007301
007302
007300
007311
007321
007319
007323
007324
007332
007331
007335
007336
007339
007342
007340
007345
007343
007346
007347
007349
007353
007355
007361
007360
007356
007362
007368
007370
007373
007375
007374
007377
007351
007363
007354
007364
007380
007379
007371
007390
007396
007402
007408
007412
007415
007413
007417
007419
007420
007425
007427
007426
007429
007432
007433
007435
007440
007447
007450
007448
007451
007454
007455
007449
007457
007456
007460
007458
007461
007464
007466
007465
007467
007471
007470
007474
007475
007478
007480
007482
007485
007486
007484
007488
007490
007491
007493
007492
007496
007494
007497
007500
007510
007509
007515
007513
007516
007520
007517
007519
007523
007525
007530
007529
007531
007535
007536
007537
007538
007540
007542
007544
007545
007546
007543
007549
007548
007551
007554
007555
007553
007557
007559
007560
007563
007562
007564
007566
007567
007572
007573
007576
007580
007582
007583
007584
007585
007587
007589
007592
007591
007593
007595
007603
007598
007600
007605
007606
007616
007611
007619
007639
007640
007644
007645
007653
007657
007655
007659
007665
007666
007664
007662
007667
007670
007680
007677
007682
007689
007692
007690
007691
007681
007699
007703
007706
007701
007713
007714
007716
007719
007718
007712
007721
007722
007723
007725
007726
007731
007733
007729
007734
007736
007737
007740
007745
007744
007749
007752
007751
007754
007756
007758
007755
007760
007761
007768
007769
007767
007765
007772
007778
007777
007790
007791
007802
007803
007818
007817
007823
007819
007824
007829
007828
007830
007832
007831
007835
007836
007837
007845
007852
007844
007859
007870
007871
007872
007873
007867
007874
007879
007880
007882
007883
007884
007887
007889
007888
007890
007895
007898
007901
007907
007910
007911
007908
007913
007920
007916
007915
007928
007926
007925
007935
007937
007941
007939
007946
007948
007949
007951
007950
007954
007953
007956
007957
007959
007958
007962
007964
007967
007968
007969
007970
007975
007981
007979
007977
007985
007986
007990
007988
007992
007987
007993
007994
007997
007995
007999
008002
008003
008009
008012
008014
008017
008015
008018
008020
008021
008025
008022
008028
008027
008030
008031
008032
008036
008039
008040
008042
008046
008048
008055
008054
008060
008063
008064
008065
008066
008067
008072
008081
008086
008087
008095
008097
008099
008102
008104
008106
008108
008109
008111
008114
008116
008117
008115
008121
008120
008122
008125
008127
008130
008131
008133
008134
008138
008139
008140
008142
008143
008144
008146
008145
008150
008161
008163
008164
008165
008166
008168
008170
008169
008171
008173
008172
008176
008174
008177
008183
008182
008185
008187
008190
008188
008186
008204
008205
008206
008208
008207
008211
008214
008217
008216
008219
008222
008223
008226
008227
008224
008229
008232
008231
008238
008242
008244
008255
008254
008258
008256
008261
008262
008263
008264
008268
008266
008269
008270
008271
008272
008273
008276
008278
008279
008280
008281
008283
008282
008284
008285
008286
008287
008290
008289
008294
008293
008295
008296
008297
008302
008298
008299
008308
008315
008316
008314
008318
008319
008321
008320
008322
008327
008328
008333
008338
008340
008344
008345
008346
008347
008352
008349
008356
008355
008359
008361
008362
008369
008368
008363
008366
008371
008367
008372
008375
008378
008382
008383
008390
008394
008396
008398
008399
008405
008409
008411
008414
008406
008415
008418
008419
008416
008426
008429
008449
008448
008456
008453
008457
008452
008460
008463
008465
008467
008471
008476
008480
008475
008478
008481
008482
008484
008486
008487
008489
008488
008495
008493
008496
008497
008498
008503
008505
008507
008508
008509
008511
008513
008514
008517
008515
008510
008521
008523
008528
008531
008532
008535
008539
008545
008546
008556
008557
008560
008568
008574
008575
008578
008579
008583
008586
008585
008591
008590
008594
008592
008593
008595
008596
008608
008612
008613
008615
008617
008624
008620
008625
008626
008628
008635
008638
008642
008639
008637
008644
008646
008647
008649
008648
008650
008651
008652
008654
008653
008659
008656
008661
008655
008662
008657
008663
008668
008669
008671
008675
008677
008674
008678
008682
008684
008681
008688
008686
008690
008693
008700
008702
008701
008708
008707
008704
008706
008712
008717
008716
008721
008722
008724
008726
008727
008730
008731
008734
008735
008738
008739
008746
008745
008747
008749
008751
008756
008759
008761
008762
008763
008764
008765
008771
008774
008770
008775
008780
008783
008785
008786
008792
008793
008791
008796
008798
008799
008807
008804
008809
008810
008817
008819
008821
008825
008818
008820
008826
008829
008828
008846
008854
008856
008857
008855
008850
008860
008862
008863
008864
008866
008865
008868
008873
008875
008877
008880
008882
008886
008887
008892
008888
008889
008891
008894
008896
008900
008903
008901
008902
008904
008911
008913
008922
008920
008925
008919
008928
008929
008934
008933
008936
008935
008937
008938
008949
008950
008954
008955
008956
008958
008961
008959
008962
008960
008964
008969
008970
008968
008974
008976
008975
008979
008980
008981
008987
008985
008986
008988
008989
008990
008995
008999
009001
009000
009005
009007
009009
009008
009010
009012
009011
009014
009023
009021
009024
009022
009018
009025
009033
009034
009035
009037
009041
009045
009049
009050
009053
009051
009052
009058
009067
009057
009029
009064
009063
009068
009076
009069
009081
009083
009085
009086
009089
009091
009078
009092
009093
009094
009098
009100
009101
009103
009105
009108
009118
009119
009121
009132
009137
009138
009147
009148
009152
009163
009162
009167
009166
009171
009179
009180
009190
009196
009193
009198
009199
009203
009207
009206
009204
009212
009210
009214
009219
009223
009225
009226
009235
009234
009236
009237
009239
009240
009246
009247
009249
009250
009252
009254
009256
009255
009258
009264
009267
009265
009271
009272
009274
009278
009284
009287
009289
009290
009291
009294
009295
009292
009298
009300
009303
009306
009305
009308
009311
009314
009315
009318
009319
009325
009324
009330
009338
009340
009343
009341
009346
009345
009342
009356
009357
009360
009362
009376
009377
009381
009386
009388
009387
009391
009392
009394
009395
009397
009396
009402
009414
009417
009423
009424
009428
009437
009439
009447
009450
009451
009452
009453
009456
009459
009463
009468
009474
009478
009484
009491
009492
009504
009506
009505
009510
009512
009511
009519
009520
009523
009529
009526
009525
009533
009532
009534
009539
009536
009541
009542
009543
009548
009549
009551
009550
009552
009556
009558
009560
009564
009567
009566
009570
009571
009577
009578
009581
009576
009579
009583
009584
009585
009591
009587
009593
009596
009600
009601
009599
009605
009611
009610
009617
009618
009621
009622
009625
009623
009615
009632
009636
009631
009630
009642
009643
009646
009644
009645
009647
009651
009656
009655
009659
009660
009661
009662
009664
009665
009666
009669
009670
009673
009679
009681
009683
009685
009690
009689
009693
009697
009699
009704
009702
009705
009703
009707
009708
009711
009715
009714
009726
009727
009730
009731
009721
009725
009735
009732
009736
009738
009737
009740
009742
009748
009749
009756
009757
009761
009763
009759
009765
009770
009772
009774
009776
009777
009780
009786
009791
009794
009795
009799
009800
009803
009802
009804
009806
009805
009808
009809
009812
009813
009816
009814
009820
009822
009823
009831
009833
009834
009836
009839
009844
009846
009849
009851
009852
009857
009859
009860
009861
009864
009863
009865
009866
009867
009870
009869
009873
009872
009878
009879
009881
009888
009887
009889
009891
009892
009894
009895
009885
009897
009898
009900
009902
009896
009906
009909
009910
009913
009914
009922
009920
009924
009929
009930
009931
009933
009942
009943
009944
009947
009950
009953
009951
009952
009960
009958
009970
009979
009983
009984
009985
009988
009981
009982
009989
009990
009993
009998
009994
010003
009995
010004
010011
010013
010010
010012
010014
010016
010018
010020
010027
010024
010031
010036
010042
010041
010043
010048
010045
010049
010053
010056
010057
010062
010063
010068
010064
010069
010072
010086
010088
010094
010099
010104
010106
010108
010110
010109
010111
010112
010114
010115
010116
010118
010119
010122
010126
010129
010132
010141
010143
010142
010145
010146
010147
010149
010150
010160
010161
010165
010166
010168
010169
010178
010180
010186
010187
010183
010191
010193
010196
010198
010197
010201
010204
010213
010214
010219
010222
010227
010225
010232
010233
010235
010236
010241
010243
010242
010247
010251
010264
010266
010267
010265
010268
010273
010274
010275
010278
010277
010284
010286
010289
010292
010296
010294
010299
010298
010305
010309
010314
010324
010326
010328
010330
010333
010335
010334
010336
010338
010341
010340
010342
010349
010347
010352
010350
010357
010358
010364
010365
010363
010371
010372
010378
010377
010379
010383
010385
010386
010388
010387
010389
010391
010392
010397
010393
010405
010409
010410
010413
010412
010418
010420
010423
010425
010429
010430
010434
010435
010437
010438
010439
010449
010451
010452
010454
010455
010457
010460
010459
010462
010463
010467
010468
010471
010473
010476
010477
010479
010480
010481
010482
010483
010485
010488
010490
010497
010501
010500
010502
010507
010515
010518
010525
010524
010529
010534
010532
010535
010536
010550
010549
010555
010552
010556
010554
010557
010563
010562
010565
010567
010566
010580
010583
010587
010588
010591
010592
010595
010593
010594
010599
010602
010605
010606
010608
010610
010611
010612
010615
010616
010622
010619
010621
010623
010626
010627
010630
010631
010632
010629
010634
010639
010644
010651
010645
010655
010659
010654
010658
010657
010662
010673
010671
010678
010681
010680
010685
010694
010695
010700
010699
010710
010709
010719
010718
010723
010728
010731
010717
010730
010742
010736
010737
010744
010755
010761
010767
010770
010769
010779
010790
010787
010791
010792
010795
010804
010803
010805
010806
010810
010811
010812
010815
010824
010826
010827
010837
010846
010847
010849
010855
010854
010859
010864
010856
010865
010861
010871
010874
010875
010879
010881
010885
010887
010888
010892
010894
010898
010903
010902
010923
010922
010929
010936
010946
010947
010956
010963
010966
010964
010967
010976
010973
010981
010982
010983
010990
010986
010994
010996
011004
011006
011017
011021
011022
011029
011042
011040
011041
011044
011046
011058
011056
011057
011059
011062
011066
011067
011068
011069
011070
011074
011073
011078
011080
011088
011083
011093
011094
011095
011099
011096
011103
011101
011102
011104
011113
011114
011120
011117
011121
011125
011126
011127
011128
011130
011129
011131
011136
011138
011143
011144
011145
011148
011153
011154
011160
011164
011163
011166
011162
011165
011169
011174
011173
011177
011184
011186
011187
011189
011188
011201
011206
011203
011220
011212
011216
011223
011228
011236
011237
011238
011251
011252
011248
011246
011256
011261
011271
011278
011282
011294
011300
011301
011306
011309
011304
011323
011329
011328
011322
011333
011336
011357
011363
011364
011392
011393
011400
011401
011399
011402
011405
011394
011410
011412
011420
011422
011423
011421
011417
011426
011425
011436
011435
011452
011460
011461
011466
011479
011486
011487
011488
011503
011510
011508
011526
011525
011531
011530
011516
011542
011567
011580
011585
011587
011592
011608
011609
011611
011610
011612
011615
011614
011613
011622
011630
011631
011651
011683
011826
020001
020003
020002
020005
020009
020011
020010
020015
020021
020019
020020
020026
020034
040002
040001
040004
040005
040007
040008
040013
040011
040012
040015
040016
040018
040020
040022
040023
040025
040026
040035
040041
040045
040040
040046
040047
040048
050001
050004
050002
050008
050007
050006
050009
050010
050011
050021
050022
050019
050024
050026
050025
050023
050030
050027
050111
050106
050119
050123
050202
050203
050201
070001
070002
070006
070003
070005
070009
070010
070011
070012
070013
070015
070016
070019
070021
070020
070022
070023
070025
070027
070018
070026
070037
070032
070039
070099
080001
080005
080012
090001
090002
090003
090006
090004
090007
090010
090013
090016
090018
090019
096001
100018
100020
100016
100022
100029
100035
100037
100026
100032
100038
100039
100053
100051
100050
100055
100056
100060
100058
100061
100072
110001
110002
100066
110003
110005
110007
110008
110010
110009
110012
110011
110019
110020
110015
110013
110018
110017
110022
110023
110025
110027
110028
110029
110026
110032
110033
110030
110031
110035
110037
110036
110038
110050
110052
110053
118002
112002
110051
118001
121002
121003
121005
121009
121010
121006
121012
150968
150103
121008
128112
151001
159801
159807
159806
159812
159813
159814
159816
159819
159820
159822
159824
159825
159828
159835
159837
159839
159841
159842
159843
159845
159850
159852
159851
159856
159857
159863
159858
159861
159865
159866
159867
159870
159871
159869
159876
159880
159890
159902
159901
159903
159905
159908
159910
159909
159915
159916
159919
159920
159922
159929
159925
159928
159930
159934
159938
159937
159939
159940
159936
159941
159949
159948
159952
159954
159957
159958
159960
159961
159959
159964
159966
159967
159968
159973
159971
159972
159977
159980
159981
159992
159985
159993
159994
159995
159982
159997
159996
159998
160105
160119
160106
160125
160128
160129
160127
160133
160140
160142
160211
160143
160212
160213
160215
160216
160217
160218
160219
160221
160222
160223
160225
160311
160314
160323
160325
160416
160420
160419
160422
160424
160505
160514
160515
160516
160513
160517
160527
160526
160529
160603
160605
160608
160607
160611
160612
160610
160613
160615
160616
160618
160622
160624
160617
160625
160626
160627
160629
160630
160632
160633
160631
160638
160643
160716
160706
160718
160717
160719
160723
160724
160726
160805
160727
160813
160910
160916
160918
160919
160926
161005
161010
161014
161015
161019
161017
161022
161026
161027
161025
161024
161029
161028
161031
161035
161032
161033
161039
161040
161115
161116
161119
161117
161120
161121
161122
161123
161125
161127
161128
161129
161130
161131
161216
161217
161219
161221
161222
161225
161226
161227
161505
161601
161605
161604
161607
161606
161609
161610
161611
161613
161616
161626
161628
161631
161706
161713
161715
161716
161720
161721
161723
161724
161725
161726
161728
161810
161729
161811
161815
161812
161820
161831
161837
161903
161838
161908
161907
161912
161914
162006
162105
162102
162201
162204
162202
162207
162208
162209
162210
162213
162215
162299
162411
162415
162412
162605
162607
162511
162703
162712
162711
162719
162715
162720
163003
163007
163005
163110
163008
163113
163115
163208
163209
163302
163402
163409
163406
163407
163412
163411
163417
163415
163418
163503
163804
163801
163805
163803
163807
163806
163808
163811
163812
163816
163813
163817
163819
163822
163827
163907
163825
164105
164208
164206
164210
164403
164701
164402
164703
164810
164808
164705
164824
164902
164905
164906
165309
165310
165313
165312
165513
165517
165509
165516
165511
165520
165525
165527
165531
166001
166002
166006
166005
166008
166009
166010
166011
166019
166023
166020
166016
166024
166027
166025
166105
166301
166401
167001
167301
168002
168204
168601
169101
169102
169103
169104
169105
169106
169107
169108
180001
180003
180010
180013
180012
180018
180015
180031
200002
200007
200008
200006
200009
200012
202001
202005
202002
202003
202011
202015
202007
202009
202019
202023
202027
202102
202101
202103
202105
202107
202108
202110
202213
202212
202305
206001
202801
206002
206006
206007
206009
206018
210002
210003
210004
210008
210009
210011
210014
213001
213002
213003
213006
213008
213010
217001
217003
217005
217008
217010
217009
217011
217012
217013
217016
217017
217018
217019
217021
217022
217023
217024
217027
217203
233005
233006
233007
233009
240001
240002
240003
240005
240004
240008
240009
240010
240011
240012
240014
240013
240017
240018
240022
240020
253020
253060
257010
257020
257030
257070
260101
260108
260103
260104
260109
260110
260112
260116
260111
261001
260117
261102
261101
261002
262001
270002
270001
270005
270006
270009
270007
270008
270010
270021
270022
270023
270025
270028
270029
270041
270042
270043
270046
270045
270044
270050
270048
270049
288002
288001
288102
290002
290003
290007
290008
290009
290011
290014
310318
310308
310328
310358
310388
310398
310508
320001
320003
320005
320004
320007
320006
320011
320013
320014
320016
320015
320021
340008
320022
340001
340009
340006
340007
360001
360005
360008
360006
360009
360007
360013
360014
370024
370027
360019
371020
371120
372010
372110
373010
375010
373020
377010
377020
377016
378006
377240
378010
377530
377150
379010
380005
380009
380011
380006
398021
398011
398001
398051
399001
400003
399011
400016
400029
400015
400030
410001
410003
410004
400032
420001
420003
410007
420002
420009
450002
420102
420108
450003
450004
450001
420008
450005
450008
450009
457001
450010
460001
460002
460005
460007
460009
460300
470006
470008
470007
470011
470009
470010
470018
470028
470059
470058
470088
470098
470888
481001
481009
472007
481004
481010
481006
481012
481015
481008
483003
485007
485019
485022
485105
485011
485118
485111
485107
485119
485122
486001
486002
487016
501006
501005
501009
501011
501010
501012
501016
501025
501022
501018
501019
501021
501029
501036
501043
501046
501048
501049
501050
501047
501053
501057
501054
501058
501059
501060
501062
501061
501065
501071
501070
501066
501073
501075
501076
501077
501078
501080
501083
501081
501082
501079
501085
501087
501088
501095
501090
501092
501093
501091
501096
501186
501188
501189
501203
501205
501207
501206
501208
501300
501302
501306
502000
502003
502010
502013
502023
502048
506001
502053
501305
506000
501311
506003
502056
506002
506005
506006
510010
510080
510050
510081
510100
510130
510150
510160
510170
510180
510210
510230
510300
510330
510310
510360
510350
510380
510390
510410
510510
510530
510560
510500
510580
510590
510630
510710
510760
510800
510880
510810
510850
510900
511010
511020
511030
511060
511180
511220
511270
511260
511380
511360
512000
512010
512040
512070
512090
512100
512120
512160
512170
512200
512220
512330
512290
512390
512400
512480
512500
512510
512560
512550
512600
512570
512580
512660
512680
512670
512690
512710
512700
512720
512770
512760
512800
512820
512810
512900
512890
512880
512910
512930
512950
512960
512980
512990
513000
513030
513050
513060
513080
513090
513100
513300
513330
513500
513520
513550
513600
513660
513800
513880
515020
515010
515000
515050
515030
515060
515070
515080
515100
515110
515150
515120
515160
515170
515190
515180
515230
515210
515220
515250
515260
515290
515300
515310
515330
515360
515380
515400
515390
515450
515560
515580
515630
515600
515650
515660
515710
515680
515700
515750
515790
515810
515800
515850
515890
515880
515900
515910
515860
515950
515980
515960
516000
516010
516020
516050
516080
516090
516120
516200
516150
516160
516220
516520
516660
516670
516770
516780
516800
516880
517000
517050
517080
517300
518680
518600
518660
518800
518850
518880
518860
518890
519005
519003
519007
519002
519011
519001
519008
519013
519015
519017
519019
519021
519018
519020
519022
519024
519026
519029
519033
519030
519039
519035
519056
519051
519066
519068
519069
519087
519078
519089
519091
519100
519110
519116
519120
519126
519122
519136
519133
519138
519137
519158
519162
519170
519156
519171
519181
519180
519185
519186
519183
519188
519193
519191
519195
519196
519198
519199
519212
519220
519226
519300
519322
519328
519330
519332
519334
519606
519632
519644
519651
519655
519669
519670
519672
519671
519674
519677
519679
519680
519682
519683
519686
519685
519688
519690
519692
519697
519694
519700
519698
519704
519702
519714
519712
519722
519717
519718
519723
519725
519727
519732
519735
519736
519733
519738
519740
519743
519745
519746
519755
519752
519753
519756
519760
519766
519762
519767
519769
519768
519770
519772
519773
519771
519776
519778
519779
519782
519783
519784
519786
519908
519915
519918
519909
519941
519943
519945
519973
519975
519976
519979
519977
519981
519983
519993
519995
519997
530001
530003
530008
530006
530005
530015
530017
530021
530029
530028
531008
531017
531021
531028
539001
539002
539003
540003
540002
540005
540001
540006
540007
540010
540008
541005
540012
550001
550002
550008
550005
550009
550013
550015
560002
560003
570001
570008
580001
580008
588000
588050
588080
588090
590001
590005
590002
590008
590003
590009
610001
590010
610006
610004
610008
610108
630001
630003
630008
620009
630010
630002
630011
630005
630007
630107
630109
650001
660004
630009
660003
660001
660005
660008
660010
660016
660012
660015
671030
673010
673083
673100
673081
675041
675051
675081
675083
675091
675093
675100
675113
675111
675123
675161
686868
675163
686869
690002
690007
690011
690202
690012
700003
700005
710001
700006
710301
710302
720001
720003
750001
750003
750002
881010
910007
910022
910024
952009
952004
952013
952020
952099
952313
959991
960002
960003
960004
960033
960040